Single Positive Right Output Vectors
Output type = REAL
00000000000000000000010000000000.0
00000000000000000000001000000000.0
00000000000000000000000100000000.0
00000000000000000000000010000000.0
00000000000000000000000001000000.0
00000000000000000000000000100000.0
00000000000000000000000000010000.0
00000000000000000000000000001000.0
00000000000000000000000000000100.0
00000000000000000000000000000010.0
00000000000000000000000000000001.0
0.10000000000000000000000000000000
0.01000000000000000000000000000000
0.00100000000000000000000000000000
0.00010000000000000000000000000000
0.00001000000000000000000000000000
0.00000100000000000000000000000000
0.00000010000000000000000000000000
0.00000001000000000000000000000000
0.00000000100000000000000000000000
0.00000000010000000000000000000000
0.00000000001000000000000000000000
0.00000000000100000000000000000000
Output type = HEX
010000000000.000000000000
001000000000.000000000000
000100000000.000000000000
000010000000.000000000000
000001000000.000000000000
000000100000.000000000000
000000010000.000000000000
000000001000.000000000000
000000000100.000000000000
000000000010.000000000000
000000000001.000000000000
000000000000.100000000000
000000000000.010000000000
000000000000.001000000000
000000000000.000100000000
000000000000.000010000000
000000000000.000001000000
000000000000.000000100000
000000000000.000000010000
000000000000.000000001000
000000000000.000000000100
000000000000.000000000010
000000000000.000000000001
Output type = BIN
010000000000.000000000000
001000000000.000000000000
000100000000.000000000000
000010000000.000000000000
000001000000.000000000000
000000100000.000000000000
000000010000.000000000000
000000001000.000000000000
000000000100.000000000000
000000000010.000000000000
000000000001.000000000000
000000000000.100000000000
000000000000.010000000000
000000000000.001000000000
000000000000.000100000000
000000000000.000010000000
000000000000.000001000000
000000000000.000000100000
000000000000.000000010000
000000000000.000000001000
000000000000.000000000100
000000000000.000000000010
000000000000.000000000001
Output type = FP32
010000000000.0000000000000
01000000000.00000000000000
0100000000.000000000000000
010000000.0000000000000000
01000000.00000000000000000
0100000.000000000000000000
010000.0000000000000000000
01000.00000000000000000000
0100.000000000000000000000
010.0000000000000000000000
01.00000000000000000000000
0.100000000000000000000000
0.0100000000000000000000000
0.00100000000000000000000000
0.000100000000000000000000000
0.0000100000000000000000000000
0.00000100000000000000000000000
0.000000100000000000000000000000
0.0000000100000000000000000000000
0.00000000100000000000000000000000
0.000000000100000000000000000000000
0.0000000000100000000000000000000000
0.00000000000100000000000000000000000
Output type = FP64
010000000000.000000000000000000000000000000000000000000
01000000000.0000000000000000000000000000000000000000000
0100000000.00000000000000000000000000000000000000000000
010000000.000000000000000000000000000000000000000000000
01000000.0000000000000000000000000000000000000000000000
0100000.00000000000000000000000000000000000000000000000
010000.000000000000000000000000000000000000000000000000
01000.0000000000000000000000000000000000000000000000000
0100.00000000000000000000000000000000000000000000000000
010.000000000000000000000000000000000000000000000000000
01.0000000000000000000000000000000000000000000000000000
0.10000000000000000000000000000000000000000000000000000
0.010000000000000000000000000000000000000000000000000000
0.0010000000000000000000000000000000000000000000000000000
0.00010000000000000000000000000000000000000000000000000000
0.000010000000000000000000000000000000000000000000000000000
0.0000010000000000000000000000000000000000000000000000000000
0.00000010000000000000000000000000000000000000000000000000000
0.000000010000000000000000000000000000000000000000000000000000
0.0000000010000000000000000000000000000000000000000000000000000
0.00000000010000000000000000000000000000000000000000000000000000
0.000000000010000000000000000000000000000000000000000000000000000
0.0000000000010000000000000000000000000000000000000000000000000000
Single Negative Right Output Vectors
Output type = REAL
111111111111111111111100000000000.0
111111111111111111111110000000000.0
111111111111111111111111000000000.0
111111111111111111111111100000000.0
111111111111111111111111110000000.0
111111111111111111111111111000000.0
111111111111111111111111111100000.0
111111111111111111111111111110000.0
111111111111111111111111111111000.0
111111111111111111111111111111100.0
111111111111111111111111111111110.0
111111111111111111111111111111111.0
11.10000000000000000000000000000000
11.11000000000000000000000000000000
11.11100000000000000000000000000000
11.11110000000000000000000000000000
11.11111000000000000000000000000000
11.11111100000000000000000000000000
11.11111110000000000000000000000000
11.11111111000000000000000000000000
11.11111111100000000000000000000000
11.11111111110000000000000000000000
11.11111111111000000000000000000000
Output type = HEX
100000000000.000000000000
110000000000.000000000000
111000000000.000000000000
111100000000.000000000000
111110000000.000000000000
111111000000.000000000000
111111100000.000000000000
111111110000.000000000000
111111111000.000000000000
111111111100.000000000000
111111111110.000000000000
111111111111.000000000000
111111111111.100000000000
111111111111.110000000000
111111111111.111000000000
111111111111.111100000000
111111111111.111110000000
111111111111.111111000000
111111111111.111111100000
111111111111.111111110000
111111111111.111111111000
111111111111.111111111100
111111111111.111111111110
Output type = BIN
100000000000.000000000000
110000000000.000000000000
111000000000.000000000000
111100000000.000000000000
111110000000.000000000000
111111000000.000000000000
111111100000.000000000000
111111110000.000000000000
111111111000.000000000000
111111111100.000000000000
111111111110.000000000000
111111111111.000000000000
111111111111.100000000000
111111111111.110000000000
111111111111.111000000000
111111111111.111100000000
111111111111.111110000000
111111111111.111111000000
111111111111.111111100000
111111111111.111111110000
111111111111.111111111000
111111111111.111111111100
111111111111.111111111110
Output type = FP32
1100000000000.000000000000
110000000000.0000000000000
11000000000.00000000000000
1100000000.000000000000000
110000000.0000000000000000
11000000.00000000000000000
1100000.000000000000000000
110000.0000000000000000000
11000.00000000000000000000
1100.000000000000000000000
110.0000000000000000000000
11.00000000000000000000000
1.100000000000000000000000
1.1100000000000000000000000
1.11100000000000000000000000
1.111100000000000000000000000
1.1111100000000000000000000000
1.11111100000000000000000000000
1.111111100000000000000000000000
1.1111111100000000000000000000000
1.11111111100000000000000000000000
1.111111111100000000000000000000000
1.1111111111100000000000000000000000
Output type = FP64
1100000000000.00000000000000000000000000000000000000000
110000000000.000000000000000000000000000000000000000000
11000000000.0000000000000000000000000000000000000000000
1100000000.00000000000000000000000000000000000000000000
110000000.000000000000000000000000000000000000000000000
11000000.0000000000000000000000000000000000000000000000
1100000.00000000000000000000000000000000000000000000000
110000.000000000000000000000000000000000000000000000000
11000.0000000000000000000000000000000000000000000000000
1100.00000000000000000000000000000000000000000000000000
110.000000000000000000000000000000000000000000000000000
11.0000000000000000000000000000000000000000000000000000
1.10000000000000000000000000000000000000000000000000000
1.110000000000000000000000000000000000000000000000000000
1.1110000000000000000000000000000000000000000000000000000
1.11110000000000000000000000000000000000000000000000000000
1.111110000000000000000000000000000000000000000000000000000
1.1111110000000000000000000000000000000000000000000000000000
1.11111110000000000000000000000000000000000000000000000000000
1.111111110000000000000000000000000000000000000000000000000000
1.1111111110000000000000000000000000000000000000000000000000000
1.11111111110000000000000000000000000000000000000000000000000000
1.111111111110000000000000000000000000000000000000000000000000000
Single Positive Left Output Vectors
Output type = REAL
0.00000000000100000000000000000000
0.00000000001000000000000000000000
0.00000000010000000000000000000000
0.00000000100000000000000000000000
0.00000001000000000000000000000000
0.00000010000000000000000000000000
0.00000100000000000000000000000000
0.00001000000000000000000000000000
0.00010000000000000000000000000000
0.00100000000000000000000000000000
0.01000000000000000000000000000000
0.10000000000000000000000000000000
00000000000000000000000000000001.0
00000000000000000000000000000010.0
00000000000000000000000000000100.0
00000000000000000000000000001000.0
00000000000000000000000000010000.0
00000000000000000000000000100000.0
00000000000000000000000001000000.0
00000000000000000000000010000000.0
00000000000000000000000100000000.0
00000000000000000000001000000000.0
111111111111111111111110000000000.0
Output type = HEX
000000000000.000000000001
000000000000.000000000010
000000000000.000000000100
000000000000.000000001000
000000000000.000000010000
000000000000.000000100000
000000000000.000001000000
000000000000.000010000000
000000000000.000100000000
000000000000.001000000000
000000000000.010000000000
000000000000.100000000000
000000000001.000000000000
000000000010.000000000000
000000000100.000000000000
000000001000.000000000000
000000010000.000000000000
000000100000.000000000000
000001000000.000000000000
000010000000.000000000000
000100000000.000000000000
001000000000.000000000000
110000000000.000000000000
Output type = BIN
00000000000.000000000001
00000000000.000000000010
00000000000.000000000100
00000000000.000000001000
00000000000.000000010000
00000000000.000000100000
00000000000.000001000000
00000000000.000010000000
00000000000.000100000000
00000000000.001000000000
00000000000.010000000000
00000000000.100000000000
00000000001.000000000000
00000000010.000000000000
00000000100.000000000000
00000001000.000000000000
00000010000.000000000000
00000100000.000000000000
00001000000.000000000000
00010000000.000000000000
00100000000.000000000000
01000000000.000000000000
10000000000.000000000000
Output type = FP32
0.00000000000100000000000000000000000
0.0000000000100000000000000000000000
0.000000000100000000000000000000000
0.00000000100000000000000000000000
0.0000000100000000000000000000000
0.000000100000000000000000000000
0.00000100000000000000000000000
0.0000100000000000000000000000
0.000100000000000000000000000
0.00100000000000000000000000
0.0100000000000000000000000
0.100000000000000000000000
01.00000000000000000000000
010.0000000000000000000000
0100.000000000000000000000
01000.00000000000000000000
010000.0000000000000000000
0100000.000000000000000000
01000000.00000000000000000
010000000.0000000000000000
0100000000.000000000000000
01000000000.00000000000000
110000000000.0000000000000
Output type = FP64
0.0000000000010000000000000000000000000000000000000000000000000000
0.000000000010000000000000000000000000000000000000000000000000000
0.00000000010000000000000000000000000000000000000000000000000000
0.0000000010000000000000000000000000000000000000000000000000000
0.000000010000000000000000000000000000000000000000000000000000
0.00000010000000000000000000000000000000000000000000000000000
0.0000010000000000000000000000000000000000000000000000000000
0.000010000000000000000000000000000000000000000000000000000
0.00010000000000000000000000000000000000000000000000000000
0.0010000000000000000000000000000000000000000000000000000
0.010000000000000000000000000000000000000000000000000000
0.10000000000000000000000000000000000000000000000000000
01.0000000000000000000000000000000000000000000000000000
010.000000000000000000000000000000000000000000000000000
0100.00000000000000000000000000000000000000000000000000
01000.0000000000000000000000000000000000000000000000000
010000.000000000000000000000000000000000000000000000000
0100000.00000000000000000000000000000000000000000000000
01000000.0000000000000000000000000000000000000000000000
010000000.000000000000000000000000000000000000000000000
0100000000.00000000000000000000000000000000000000000000
01000000000.0000000000000000000000000000000000000000000
110000000000.000000000000000000000000000000000000000000
Single Negative Left Output Vectors
Output type = REAL
11.11111111111100000000000000000000
11.11111111111000000000000000000000
11.11111111110000000000000000000000
11.11111111100000000000000000000000
11.11111111000000000000000000000000
11.11111110000000000000000000000000
11.11111100000000000000000000000000
11.11111000000000000000000000000000
11.11110000000000000000000000000000
11.11100000000000000000000000000000
11.11000000000000000000000000000000
11.10000000000000000000000000000000
111111111111111111111111111111111.0
111111111111111111111111111111110.0
111111111111111111111111111111100.0
111111111111111111111111111111000.0
111111111111111111111111111110000.0
111111111111111111111111111100000.0
111111111111111111111111111000000.0
111111111111111111111111110000000.0
111111111111111111111111100000000.0
111111111111111111111111000000000.0
111111111111111111111110000000000.0
Output type = HEX
111111111111.111111111111
111111111111.111111111110
111111111111.111111111100
111111111111.111111111000
111111111111.111111110000
111111111111.111111100000
111111111111.111111000000
111111111111.111110000000
111111111111.111100000000
111111111111.111000000000
111111111111.110000000000
111111111111.100000000000
111111111111.000000000000
111111111110.000000000000
111111111100.000000000000
111111111000.000000000000
111111110000.000000000000
111111100000.000000000000
111111000000.000000000000
111110000000.000000000000
111100000000.000000000000
111000000000.000000000000
110000000000.000000000000
Output type = BIN
11111111111.111111111111
11111111111.111111111110
11111111111.111111111100
11111111111.111111111000
11111111111.111111110000
11111111111.111111100000
11111111111.111111000000
11111111111.111110000000
11111111111.111100000000
11111111111.111000000000
11111111111.110000000000
11111111111.100000000000
11111111111.000000000000
11111111110.000000000000
11111111100.000000000000
11111111000.000000000000
11111110000.000000000000
11111100000.000000000000
11111000000.000000000000
11110000000.000000000000
11100000000.000000000000
11000000000.000000000000
10000000000.000000000000
Output type = FP32
1.11111111111100000000000000000000000
1.1111111111100000000000000000000000
1.111111111100000000000000000000000
1.11111111100000000000000000000000
1.1111111100000000000000000000000
1.111111100000000000000000000000
1.11111100000000000000000000000
1.1111100000000000000000000000
1.111100000000000000000000000
1.11100000000000000000000000
1.1100000000000000000000000
1.100000000000000000000000
11.00000000000000000000000
110.0000000000000000000000
1100.000000000000000000000
11000.00000000000000000000
110000.0000000000000000000
1100000.000000000000000000
11000000.00000000000000000
110000000.0000000000000000
1100000000.000000000000000
11000000000.00000000000000
110000000000.0000000000000
Output type = FP64
1.1111111111110000000000000000000000000000000000000000000000000000
1.111111111110000000000000000000000000000000000000000000000000000
1.11111111110000000000000000000000000000000000000000000000000000
1.1111111110000000000000000000000000000000000000000000000000000
1.111111110000000000000000000000000000000000000000000000000000
1.11111110000000000000000000000000000000000000000000000000000
1.1111110000000000000000000000000000000000000000000000000000
1.111110000000000000000000000000000000000000000000000000000
1.11110000000000000000000000000000000000000000000000000000
1.1110000000000000000000000000000000000000000000000000000
1.110000000000000000000000000000000000000000000000000000
1.10000000000000000000000000000000000000000000000000000
11.0000000000000000000000000000000000000000000000000000
110.000000000000000000000000000000000000000000000000000
1100.00000000000000000000000000000000000000000000000000
11000.0000000000000000000000000000000000000000000000000
110000.000000000000000000000000000000000000000000000000
1100000.00000000000000000000000000000000000000000000000
11000000.0000000000000000000000000000000000000000000000
110000000.000000000000000000000000000000000000000000000
1100000000.00000000000000000000000000000000000000000000
11000000000.0000000000000000000000000000000000000000000
110000000000.000000000000000000000000000000000000000000
