1024 1024 010000000000.000000000000 00000000000000000000010000000000.0
512 512 001000000000.000000000000 00000000000000000000001000000000.0
256 256 000100000000.000000000000 00000000000000000000000100000000.0
128 128 000010000000.000000000000 00000000000000000000000010000000.0
64 64 000001000000.000000000000 00000000000000000000000001000000.0
32 32 000000100000.000000000000 00000000000000000000000000100000.0
16 16 000000010000.000000000000 00000000000000000000000000010000.0
8 8 000000001000.000000000000 00000000000000000000000000001000.0
4 4 000000000100.000000000000 00000000000000000000000000000100.0
2 2 000000000010.000000000000 00000000000000000000000000000010.0
1 1 000000000001.000000000000 00000000000000000000000000000001.0
0.5 0.5 000000000000.100000000000 .10000000000000000000000000000000
0.25 0.25 000000000000.010000000000 .01000000000000000000000000000000
0.125 0.125 000000000000.001000000000 .00100000000000000000000000000000
0.0625 0.0625 000000000000.000100000000 .00010000000000000000000000000000
0.03125 0.03125 000000000000.000010000000 .00001000000000000000000000000000
0.015625 0.015625 000000000000.000001000000 .00000100000000000000000000000000
0.0078125 0.0078125 000000000000.000000100000 .00000010000000000000000000000000
0.00390625 0.00390625 000000000000.000000010000 .00000001000000000000000000000000
0.001953125 0.001953125 000000000000.000000001000 .00000000100000000000000000000000
0.0009765625 0.0009765625 000000000000.000000000100 .00000000010000000000000000000000
0.00048828125 0.00048828125 000000000000.000000000010 .00000000001000000000000000000000
0.000244140625 0.000244140625 000000000000.000000000001 .00000000000100000000000000000000
1024 1024 010000000000.000000000000 010000000000.000000000000
512 512 001000000000.000000000000 001000000000.000000000000
256 256 000100000000.000000000000 000100000000.000000000000
128 128 000010000000.000000000000 000010000000.000000000000
64 64 000001000000.000000000000 000001000000.000000000000
32 32 000000100000.000000000000 000000100000.000000000000
16 16 000000010000.000000000000 000000010000.000000000000
8 8 000000001000.000000000000 000000001000.000000000000
4 4 000000000100.000000000000 000000000100.000000000000
2 2 000000000010.000000000000 000000000010.000000000000
1 1 000000000001.000000000000 000000000001.000000000000
0.5 0.5 000000000000.100000000000 000000000000.100000000000
0.25 0.25 000000000000.010000000000 000000000000.010000000000
0.125 0.125 000000000000.001000000000 000000000000.001000000000
0.0625 0.0625 000000000000.000100000000 000000000000.000100000000
0.03125 0.03125 000000000000.000010000000 000000000000.000010000000
0.015625 0.015625 000000000000.000001000000 000000000000.000001000000
0.0078125 0.0078125 000000000000.000000100000 000000000000.000000100000
0.00390625 0.00390625 000000000000.000000010000 000000000000.000000010000
0.001953125 0.001953125 000000000000.000000001000 000000000000.000000001000
0.0009765625 0.0009765625 000000000000.000000000100 000000000000.000000000100
0.00048828125 0.00048828125 000000000000.000000000010 000000000000.000000000010
0.000244140625 0.000244140625 000000000000.000000000001 000000000000.000000000001
1024 1024 010000000000.000000000000 010000000000.000000000000
512 512 001000000000.000000000000 001000000000.000000000000
256 256 000100000000.000000000000 000100000000.000000000000
128 128 000010000000.000000000000 000010000000.000000000000
64 64 000001000000.000000000000 000001000000.000000000000
32 32 000000100000.000000000000 000000100000.000000000000
16 16 000000010000.000000000000 000000010000.000000000000
8 8 000000001000.000000000000 000000001000.000000000000
4 4 000000000100.000000000000 000000000100.000000000000
2 2 000000000010.000000000000 000000000010.000000000000
1 1 000000000001.000000000000 000000000001.000000000000
0.5 0.5 000000000000.100000000000 000000000000.100000000000
0.25 0.25 000000000000.010000000000 000000000000.010000000000
0.125 0.125 000000000000.001000000000 000000000000.001000000000
0.0625 0.0625 000000000000.000100000000 000000000000.000100000000
0.03125 0.03125 000000000000.000010000000 000000000000.000010000000
0.015625 0.015625 000000000000.000001000000 000000000000.000001000000
0.0078125 0.0078125 000000000000.000000100000 000000000000.000000100000
0.00390625 0.00390625 000000000000.000000010000 000000000000.000000010000
0.001953125 0.001953125 000000000000.000000001000 000000000000.000000001000
0.0009765625 0.0009765625 000000000000.000000000100 000000000000.000000000100
0.00048828125 0.00048828125 000000000000.000000000010 000000000000.000000000010
0.000244140625 0.000244140625 000000000000.000000000001 000000000000.000000000001
1024 1024 010000000000.000000000000 010000000000.0000000000000
512 512 001000000000.000000000000 01000000000.00000000000000
256 256 000100000000.000000000000 0100000000.000000000000000
128 128 000010000000.000000000000 010000000.0000000000000000
64 64 000001000000.000000000000 01000000.00000000000000000
32 32 000000100000.000000000000 0100000.000000000000000000
16 16 000000010000.000000000000 010000.0000000000000000000
8 8 000000001000.000000000000 01000.00000000000000000000
4 4 000000000100.000000000000 0100.000000000000000000000
2 2 000000000010.000000000000 010.0000000000000000000000
1 1 000000000001.000000000000 01.00000000000000000000000
0.5 0.5 000000000000.100000000000 0.100000000000000000000000
0.25 0.25 000000000000.010000000000 0.0100000000000000000000000
0.125 0.125 000000000000.001000000000 0.00100000000000000000000000
0.0625 0.0625 000000000000.000100000000 0.000100000000000000000000000
0.03125 0.03125 000000000000.000010000000 0.0000100000000000000000000000
0.015625 0.015625 000000000000.000001000000 0.00000100000000000000000000000
0.0078125 0.0078125 000000000000.000000100000 0.000000100000000000000000000000
0.00390625 0.00390625 000000000000.000000010000 0.0000000100000000000000000000000
0.001953125 0.001953125 000000000000.000000001000 0.00000000100000000000000000000000
0.0009765625 0.0009765625 000000000000.000000000100 0.000000000100000000000000000000000
0.00048828125 0.00048828125 000000000000.000000000010 0.0000000000100000000000000000000000
0.000244140625 0.000244140625 000000000000.000000000001 0.00000000000100000000000000000000000
1024 1024 010000000000.000000000000 010000000000.000000000000000000000000000000000000000000
512 512 001000000000.000000000000 01000000000.0000000000000000000000000000000000000000000
256 256 000100000000.000000000000 0100000000.00000000000000000000000000000000000000000000
128 128 000010000000.000000000000 010000000.000000000000000000000000000000000000000000000
64 64 000001000000.000000000000 01000000.0000000000000000000000000000000000000000000000
32 32 000000100000.000000000000 0100000.00000000000000000000000000000000000000000000000
16 16 000000010000.000000000000 010000.000000000000000000000000000000000000000000000000
8 8 000000001000.000000000000 01000.0000000000000000000000000000000000000000000000000
4 4 000000000100.000000000000 0100.00000000000000000000000000000000000000000000000000
2 2 000000000010.000000000000 010.000000000000000000000000000000000000000000000000000
1 1 000000000001.000000000000 01.0000000000000000000000000000000000000000000000000000
0.5 0.5 000000000000.100000000000 0.10000000000000000000000000000000000000000000000000000
0.25 0.25 000000000000.010000000000 0.010000000000000000000000000000000000000000000000000000
0.125 0.125 000000000000.001000000000 0.0010000000000000000000000000000000000000000000000000000
0.0625 0.0625 000000000000.000100000000 0.00010000000000000000000000000000000000000000000000000000
0.03125 0.03125 000000000000.000010000000 0.000010000000000000000000000000000000000000000000000000000
0.015625 0.015625 000000000000.000001000000 0.0000010000000000000000000000000000000000000000000000000000
0.0078125 0.0078125 000000000000.000000100000 0.00000010000000000000000000000000000000000000000000000000000
0.00390625 0.00390625 000000000000.000000010000 0.000000010000000000000000000000000000000000000000000000000000
0.001953125 0.001953125 000000000000.000000001000 0.0000000010000000000000000000000000000000000000000000000000000
0.0009765625 0.0009765625 000000000000.000000000100 0.00000000010000000000000000000000000000000000000000000000000000
0.00048828125 0.00048828125 000000000000.000000000010 0.000000000010000000000000000000000000000000000000000000000000000
0.000244140625 0.000244140625 000000000000.000000000001 0.0000000000010000000000000000000000000000000000000000000000000000
-2048 -2048 100000000000.000000000000 111111111111111111111100000000000.0
-1024 -1024 110000000000.000000000000 111111111111111111111110000000000.0
-512 -512 111000000000.000000000000 111111111111111111111111000000000.0
-256 -256 111100000000.000000000000 111111111111111111111111100000000.0
-128 -128 111110000000.000000000000 111111111111111111111111110000000.0
-64 -64 111111000000.000000000000 111111111111111111111111111000000.0
-32 -32 111111100000.000000000000 111111111111111111111111111100000.0
-16 -16 111111110000.000000000000 111111111111111111111111111110000.0
-8 -8 111111111000.000000000000 111111111111111111111111111111000.0
-4 -4 111111111100.000000000000 111111111111111111111111111111100.0
-2 -2 111111111110.000000000000 111111111111111111111111111111110.0
-1 -1 111111111111.000000000000 111111111111111111111111111111111.0
-0.5 -0.5 111111111111.100000000000 1.10000000000000000000000000000000
-0.25 -0.25 111111111111.110000000000 1.11000000000000000000000000000000
-0.125 -0.125 111111111111.111000000000 1.11100000000000000000000000000000
-0.0625 -0.0625 111111111111.111100000000 1.11110000000000000000000000000000
-0.03125 -0.03125 111111111111.111110000000 1.11111000000000000000000000000000
-0.015625 -0.015625 111111111111.111111000000 1.11111100000000000000000000000000
-0.0078125 -0.0078125 111111111111.111111100000 1.11111110000000000000000000000000
-0.00390625 -0.00390625 111111111111.111111110000 1.11111111000000000000000000000000
-0.001953125 -0.001953125 111111111111.111111111000 1.11111111100000000000000000000000
-0.0009765625 -0.0009765625 111111111111.111111111100 1.11111111110000000000000000000000
-0.00048828125 -0.00048828125 111111111111.111111111110 1.11111111111000000000000000000000
-2048 -2048 100000000000.000000000000 100000000000.000000000000
-1024 -1024 110000000000.000000000000 110000000000.000000000000
-512 -512 111000000000.000000000000 111000000000.000000000000
-256 -256 111100000000.000000000000 111100000000.000000000000
-128 -128 111110000000.000000000000 111110000000.000000000000
-64 -64 111111000000.000000000000 111111000000.000000000000
-32 -32 111111100000.000000000000 111111100000.000000000000
-16 -16 111111110000.000000000000 111111110000.000000000000
-8 -8 111111111000.000000000000 111111111000.000000000000
-4 -4 111111111100.000000000000 111111111100.000000000000
-2 -2 111111111110.000000000000 111111111110.000000000000
-1 -1 111111111111.000000000000 111111111111.000000000000
-0.5 -0.5 111111111111.100000000000 111111111111.100000000000
-0.25 -0.25 111111111111.110000000000 111111111111.110000000000
-0.125 -0.125 111111111111.111000000000 111111111111.111000000000
-0.0625 -0.0625 111111111111.111100000000 111111111111.111100000000
-0.03125 -0.03125 111111111111.111110000000 111111111111.111110000000
-0.015625 -0.015625 111111111111.111111000000 111111111111.111111000000
-0.0078125 -0.0078125 111111111111.111111100000 111111111111.111111100000
-0.00390625 -0.00390625 111111111111.111111110000 111111111111.111111110000
-0.001953125 -0.001953125 111111111111.111111111000 111111111111.111111111000
-0.0009765625 -0.0009765625 111111111111.111111111100 111111111111.111111111100
-0.00048828125 -0.00048828125 111111111111.111111111110 111111111111.111111111110
-2048 -2048 100000000000.000000000000 100000000000.000000000000
-1024 -1024 110000000000.000000000000 110000000000.000000000000
-512 -512 111000000000.000000000000 111000000000.000000000000
-256 -256 111100000000.000000000000 111100000000.000000000000
-128 -128 111110000000.000000000000 111110000000.000000000000
-64 -64 111111000000.000000000000 111111000000.000000000000
-32 -32 111111100000.000000000000 111111100000.000000000000
-16 -16 111111110000.000000000000 111111110000.000000000000
-8 -8 111111111000.000000000000 111111111000.000000000000
-4 -4 111111111100.000000000000 111111111100.000000000000
-2 -2 111111111110.000000000000 111111111110.000000000000
-1 -1 111111111111.000000000000 111111111111.000000000000
-0.5 -0.5 111111111111.100000000000 111111111111.100000000000
-0.25 -0.25 111111111111.110000000000 111111111111.110000000000
-0.125 -0.125 111111111111.111000000000 111111111111.111000000000
-0.0625 -0.0625 111111111111.111100000000 111111111111.111100000000
-0.03125 -0.03125 111111111111.111110000000 111111111111.111110000000
-0.015625 -0.015625 111111111111.111111000000 111111111111.111111000000
-0.0078125 -0.0078125 111111111111.111111100000 111111111111.111111100000
-0.00390625 -0.00390625 111111111111.111111110000 111111111111.111111110000
-0.001953125 -0.001953125 111111111111.111111111000 111111111111.111111111000
-0.0009765625 -0.0009765625 111111111111.111111111100 111111111111.111111111100
-0.00048828125 -0.00048828125 111111111111.111111111110 111111111111.111111111110
-2048 -2048 100000000000.000000000000 1100000000000.000000000000
-1024 -1024 110000000000.000000000000 110000000000.0000000000000
-512 -512 111000000000.000000000000 11000000000.00000000000000
-256 -256 111100000000.000000000000 1100000000.000000000000000
-128 -128 111110000000.000000000000 110000000.0000000000000000
-64 -64 111111000000.000000000000 11000000.00000000000000000
-32 -32 111111100000.000000000000 1100000.000000000000000000
-16 -16 111111110000.000000000000 110000.0000000000000000000
-8 -8 111111111000.000000000000 11000.00000000000000000000
-4 -4 111111111100.000000000000 1100.000000000000000000000
-2 -2 111111111110.000000000000 110.0000000000000000000000
-1 -1 111111111111.000000000000 11.00000000000000000000000
-0.5 -0.5 111111111111.100000000000 1.100000000000000000000000
-0.25 -0.25 111111111111.110000000000 1.1100000000000000000000000
-0.125 -0.125 111111111111.111000000000 1.11100000000000000000000000
-0.0625 -0.0625 111111111111.111100000000 1.111100000000000000000000000
-0.03125 -0.03125 111111111111.111110000000 1.1111100000000000000000000000
-0.015625 -0.015625 111111111111.111111000000 1.11111100000000000000000000000
-0.0078125 -0.0078125 111111111111.111111100000 1.111111100000000000000000000000
-0.00390625 -0.00390625 111111111111.111111110000 1.1111111100000000000000000000000
-0.001953125 -0.001953125 111111111111.111111111000 1.11111111100000000000000000000000
-0.0009765625 -0.0009765625 111111111111.111111111100 1.111111111100000000000000000000000
-0.00048828125 -0.00048828125 111111111111.111111111110 1.1111111111100000000000000000000000
-2048 -2048 100000000000.000000000000 1100000000000.00000000000000000000000000000000000000000
-1024 -1024 110000000000.000000000000 110000000000.000000000000000000000000000000000000000000
-512 -512 111000000000.000000000000 11000000000.0000000000000000000000000000000000000000000
-256 -256 111100000000.000000000000 1100000000.00000000000000000000000000000000000000000000
-128 -128 111110000000.000000000000 110000000.000000000000000000000000000000000000000000000
-64 -64 111111000000.000000000000 11000000.0000000000000000000000000000000000000000000000
-32 -32 111111100000.000000000000 1100000.00000000000000000000000000000000000000000000000
-16 -16 111111110000.000000000000 110000.000000000000000000000000000000000000000000000000
-8 -8 111111111000.000000000000 11000.0000000000000000000000000000000000000000000000000
-4 -4 111111111100.000000000000 1100.00000000000000000000000000000000000000000000000000
-2 -2 111111111110.000000000000 110.000000000000000000000000000000000000000000000000000
-1 -1 111111111111.000000000000 11.0000000000000000000000000000000000000000000000000000
-0.5 -0.5 111111111111.100000000000 1.10000000000000000000000000000000000000000000000000000
-0.25 -0.25 111111111111.110000000000 1.110000000000000000000000000000000000000000000000000000
-0.125 -0.125 111111111111.111000000000 1.1110000000000000000000000000000000000000000000000000000
-0.0625 -0.0625 111111111111.111100000000 1.11110000000000000000000000000000000000000000000000000000
-0.03125 -0.03125 111111111111.111110000000 1.111110000000000000000000000000000000000000000000000000000
-0.015625 -0.015625 111111111111.111111000000 1.1111110000000000000000000000000000000000000000000000000000
-0.0078125 -0.0078125 111111111111.111111100000 1.11111110000000000000000000000000000000000000000000000000000
-0.00390625 -0.00390625 111111111111.111111110000 1.111111110000000000000000000000000000000000000000000000000000
-0.001953125 -0.001953125 111111111111.111111111000 1.1111111110000000000000000000000000000000000000000000000000000
-0.0009765625 -0.0009765625 111111111111.111111111100 1.11111111110000000000000000000000000000000000000000000000000000
-0.00048828125 -0.00048828125 111111111111.111111111110 1.111111111110000000000000000000000000000000000000000000000000000
0.000244140625 0.000244140625 00000000000.000000000001 .00000000000100000000000000000000
0.00048828125 0.00048828125 00000000000.000000000010 .00000000001000000000000000000000
0.0009765625 0.0009765625 00000000000.000000000100 .00000000010000000000000000000000
0.001953125 0.001953125 00000000000.000000001000 .00000000100000000000000000000000
0.00390625 0.00390625 00000000000.000000010000 .00000001000000000000000000000000
0.0078125 0.0078125 00000000000.000000100000 .00000010000000000000000000000000
0.015625 0.015625 00000000000.000001000000 .00000100000000000000000000000000
0.03125 0.03125 00000000000.000010000000 .00001000000000000000000000000000
0.0625 0.0625 00000000000.000100000000 .00010000000000000000000000000000
0.125 0.125 00000000000.001000000000 .00100000000000000000000000000000
0.25 0.25 00000000000.010000000000 .01000000000000000000000000000000
0.5 0.5 00000000000.100000000000 .10000000000000000000000000000000
1 1 00000000001.000000000000 00000000000000000000000000000001.0
2 2 00000000010.000000000000 00000000000000000000000000000010.0
4 4 00000000100.000000000000 00000000000000000000000000000100.0
8 8 00000001000.000000000000 00000000000000000000000000001000.0
16 16 00000010000.000000000000 00000000000000000000000000010000.0
32 32 00000100000.000000000000 00000000000000000000000000100000.0
64 64 00001000000.000000000000 00000000000000000000000001000000.0
128 128 00010000000.000000000000 00000000000000000000000010000000.0
256 256 00100000000.000000000000 00000000000000000000000100000000.0
512 512 01000000000.000000000000 00000000000000000000001000000000.0
-1024 -1024 10000000000.000000000000 111111111111111111111110000000000.0
0.000244140625 0.000244140625 00000000000.000000000001 000000000000.000000000001
0.00048828125 0.00048828125 00000000000.000000000010 000000000000.000000000010
0.0009765625 0.0009765625 00000000000.000000000100 000000000000.000000000100
0.001953125 0.001953125 00000000000.000000001000 000000000000.000000001000
0.00390625 0.00390625 00000000000.000000010000 000000000000.000000010000
0.0078125 0.0078125 00000000000.000000100000 000000000000.000000100000
0.015625 0.015625 00000000000.000001000000 000000000000.000001000000
0.03125 0.03125 00000000000.000010000000 000000000000.000010000000
0.0625 0.0625 00000000000.000100000000 000000000000.000100000000
0.125 0.125 00000000000.001000000000 000000000000.001000000000
0.25 0.25 00000000000.010000000000 000000000000.010000000000
0.5 0.5 00000000000.100000000000 000000000000.100000000000
1 1 00000000001.000000000000 000000000001.000000000000
2 2 00000000010.000000000000 000000000010.000000000000
4 4 00000000100.000000000000 000000000100.000000000000
8 8 00000001000.000000000000 000000001000.000000000000
16 16 00000010000.000000000000 000000010000.000000000000
32 32 00000100000.000000000000 000000100000.000000000000
64 64 00001000000.000000000000 000001000000.000000000000
128 128 00010000000.000000000000 000010000000.000000000000
256 256 00100000000.000000000000 000100000000.000000000000
512 512 01000000000.000000000000 001000000000.000000000000
-1024 -1024 10000000000.000000000000 110000000000.000000000000
0.000244140625 0.000244140625 00000000000.000000000001 00000000000.000000000001
0.00048828125 0.00048828125 00000000000.000000000010 00000000000.000000000010
0.0009765625 0.0009765625 00000000000.000000000100 00000000000.000000000100
0.001953125 0.001953125 00000000000.000000001000 00000000000.000000001000
0.00390625 0.00390625 00000000000.000000010000 00000000000.000000010000
0.0078125 0.0078125 00000000000.000000100000 00000000000.000000100000
0.015625 0.015625 00000000000.000001000000 00000000000.000001000000
0.03125 0.03125 00000000000.000010000000 00000000000.000010000000
0.0625 0.0625 00000000000.000100000000 00000000000.000100000000
0.125 0.125 00000000000.001000000000 00000000000.001000000000
0.25 0.25 00000000000.010000000000 00000000000.010000000000
0.5 0.5 00000000000.100000000000 00000000000.100000000000
1 1 00000000001.000000000000 00000000001.000000000000
2 2 00000000010.000000000000 00000000010.000000000000
4 4 00000000100.000000000000 00000000100.000000000000
8 8 00000001000.000000000000 00000001000.000000000000
16 16 00000010000.000000000000 00000010000.000000000000
32 32 00000100000.000000000000 00000100000.000000000000
64 64 00001000000.000000000000 00001000000.000000000000
128 128 00010000000.000000000000 00010000000.000000000000
256 256 00100000000.000000000000 00100000000.000000000000
512 512 01000000000.000000000000 01000000000.000000000000
-1024 -1024 10000000000.000000000000 10000000000.000000000000
0.000244140625 0.000244140625 00000000000.000000000001 0.00000000000100000000000000000000000
0.00048828125 0.00048828125 00000000000.000000000010 0.0000000000100000000000000000000000
0.0009765625 0.0009765625 00000000000.000000000100 0.000000000100000000000000000000000
0.001953125 0.001953125 00000000000.000000001000 0.00000000100000000000000000000000
0.00390625 0.00390625 00000000000.000000010000 0.0000000100000000000000000000000
0.0078125 0.0078125 00000000000.000000100000 0.000000100000000000000000000000
0.015625 0.015625 00000000000.000001000000 0.00000100000000000000000000000
0.03125 0.03125 00000000000.000010000000 0.0000100000000000000000000000
0.0625 0.0625 00000000000.000100000000 0.000100000000000000000000000
0.125 0.125 00000000000.001000000000 0.00100000000000000000000000
0.25 0.25 00000000000.010000000000 0.0100000000000000000000000
0.5 0.5 00000000000.100000000000 0.100000000000000000000000
1 1 00000000001.000000000000 01.00000000000000000000000
2 2 00000000010.000000000000 010.0000000000000000000000
4 4 00000000100.000000000000 0100.000000000000000000000
8 8 00000001000.000000000000 01000.00000000000000000000
16 16 00000010000.000000000000 010000.0000000000000000000
32 32 00000100000.000000000000 0100000.000000000000000000
64 64 00001000000.000000000000 01000000.00000000000000000
128 128 00010000000.000000000000 010000000.0000000000000000
256 256 00100000000.000000000000 0100000000.000000000000000
512 512 01000000000.000000000000 01000000000.00000000000000
-1024 -1024 10000000000.000000000000 110000000000.0000000000000
0.000244140625 0.000244140625 00000000000.000000000001 0.0000000000010000000000000000000000000000000000000000000000000000
0.00048828125 0.00048828125 00000000000.000000000010 0.000000000010000000000000000000000000000000000000000000000000000
0.0009765625 0.0009765625 00000000000.000000000100 0.00000000010000000000000000000000000000000000000000000000000000
0.001953125 0.001953125 00000000000.000000001000 0.0000000010000000000000000000000000000000000000000000000000000
0.00390625 0.00390625 00000000000.000000010000 0.000000010000000000000000000000000000000000000000000000000000
0.0078125 0.0078125 00000000000.000000100000 0.00000010000000000000000000000000000000000000000000000000000
0.015625 0.015625 00000000000.000001000000 0.0000010000000000000000000000000000000000000000000000000000
0.03125 0.03125 00000000000.000010000000 0.000010000000000000000000000000000000000000000000000000000
0.0625 0.0625 00000000000.000100000000 0.00010000000000000000000000000000000000000000000000000000
0.125 0.125 00000000000.001000000000 0.0010000000000000000000000000000000000000000000000000000
0.25 0.25 00000000000.010000000000 0.010000000000000000000000000000000000000000000000000000
0.5 0.5 00000000000.100000000000 0.10000000000000000000000000000000000000000000000000000
1 1 00000000001.000000000000 01.0000000000000000000000000000000000000000000000000000
2 2 00000000010.000000000000 010.000000000000000000000000000000000000000000000000000
4 4 00000000100.000000000000 0100.00000000000000000000000000000000000000000000000000
8 8 00000001000.000000000000 01000.0000000000000000000000000000000000000000000000000
16 16 00000010000.000000000000 010000.000000000000000000000000000000000000000000000000
32 32 00000100000.000000000000 0100000.00000000000000000000000000000000000000000000000
64 64 00001000000.000000000000 01000000.0000000000000000000000000000000000000000000000
128 128 00010000000.000000000000 010000000.000000000000000000000000000000000000000000000
256 256 00100000000.000000000000 0100000000.00000000000000000000000000000000000000000000
512 512 01000000000.000000000000 01000000000.0000000000000000000000000000000000000000000
-1024 -1024 10000000000.000000000000 110000000000.000000000000000000000000000000000000000000
-0.000244140625 -0.000244140625 11111111111.111111111111 1.11111111111100000000000000000000
-0.00048828125 -0.00048828125 11111111111.111111111110 1.11111111111000000000000000000000
-0.0009765625 -0.0009765625 11111111111.111111111100 1.11111111110000000000000000000000
-0.001953125 -0.001953125 11111111111.111111111000 1.11111111100000000000000000000000
-0.00390625 -0.00390625 11111111111.111111110000 1.11111111000000000000000000000000
-0.0078125 -0.0078125 11111111111.111111100000 1.11111110000000000000000000000000
-0.015625 -0.015625 11111111111.111111000000 1.11111100000000000000000000000000
-0.03125 -0.03125 11111111111.111110000000 1.11111000000000000000000000000000
-0.0625 -0.0625 11111111111.111100000000 1.11110000000000000000000000000000
-0.125 -0.125 11111111111.111000000000 1.11100000000000000000000000000000
-0.25 -0.25 11111111111.110000000000 1.11000000000000000000000000000000
-0.5 -0.5 11111111111.100000000000 1.10000000000000000000000000000000
-1 -1 11111111111.000000000000 111111111111111111111111111111111.0
-2 -2 11111111110.000000000000 111111111111111111111111111111110.0
-4 -4 11111111100.000000000000 111111111111111111111111111111100.0
-8 -8 11111111000.000000000000 111111111111111111111111111111000.0
-16 -16 11111110000.000000000000 111111111111111111111111111110000.0
-32 -32 11111100000.000000000000 111111111111111111111111111100000.0
-64 -64 11111000000.000000000000 111111111111111111111111111000000.0
-128 -128 11110000000.000000000000 111111111111111111111111110000000.0
-256 -256 11100000000.000000000000 111111111111111111111111100000000.0
-512 -512 11000000000.000000000000 111111111111111111111111000000000.0
-1024 -1024 10000000000.000000000000 111111111111111111111110000000000.0
-0.000244140625 -0.000244140625 11111111111.111111111111 111111111111.111111111111
-0.00048828125 -0.00048828125 11111111111.111111111110 111111111111.111111111110
-0.0009765625 -0.0009765625 11111111111.111111111100 111111111111.111111111100
-0.001953125 -0.001953125 11111111111.111111111000 111111111111.111111111000
-0.00390625 -0.00390625 11111111111.111111110000 111111111111.111111110000
-0.0078125 -0.0078125 11111111111.111111100000 111111111111.111111100000
-0.015625 -0.015625 11111111111.111111000000 111111111111.111111000000
-0.03125 -0.03125 11111111111.111110000000 111111111111.111110000000
-0.0625 -0.0625 11111111111.111100000000 111111111111.111100000000
-0.125 -0.125 11111111111.111000000000 111111111111.111000000000
-0.25 -0.25 11111111111.110000000000 111111111111.110000000000
-0.5 -0.5 11111111111.100000000000 111111111111.100000000000
-1 -1 11111111111.000000000000 111111111111.000000000000
-2 -2 11111111110.000000000000 111111111110.000000000000
-4 -4 11111111100.000000000000 111111111100.000000000000
-8 -8 11111111000.000000000000 111111111000.000000000000
-16 -16 11111110000.000000000000 111111110000.000000000000
-32 -32 11111100000.000000000000 111111100000.000000000000
-64 -64 11111000000.000000000000 111111000000.000000000000
-128 -128 11110000000.000000000000 111110000000.000000000000
-256 -256 11100000000.000000000000 111100000000.000000000000
-512 -512 11000000000.000000000000 111000000000.000000000000
-1024 -1024 10000000000.000000000000 110000000000.000000000000
-0.000244140625 -0.000244140625 11111111111.111111111111 11111111111.111111111111
-0.00048828125 -0.00048828125 11111111111.111111111110 11111111111.111111111110
-0.0009765625 -0.0009765625 11111111111.111111111100 11111111111.111111111100
-0.001953125 -0.001953125 11111111111.111111111000 11111111111.111111111000
-0.00390625 -0.00390625 11111111111.111111110000 11111111111.111111110000
-0.0078125 -0.0078125 11111111111.111111100000 11111111111.111111100000
-0.015625 -0.015625 11111111111.111111000000 11111111111.111111000000
-0.03125 -0.03125 11111111111.111110000000 11111111111.111110000000
-0.0625 -0.0625 11111111111.111100000000 11111111111.111100000000
-0.125 -0.125 11111111111.111000000000 11111111111.111000000000
-0.25 -0.25 11111111111.110000000000 11111111111.110000000000
-0.5 -0.5 11111111111.100000000000 11111111111.100000000000
-1 -1 11111111111.000000000000 11111111111.000000000000
-2 -2 11111111110.000000000000 11111111110.000000000000
-4 -4 11111111100.000000000000 11111111100.000000000000
-8 -8 11111111000.000000000000 11111111000.000000000000
-16 -16 11111110000.000000000000 11111110000.000000000000
-32 -32 11111100000.000000000000 11111100000.000000000000
-64 -64 11111000000.000000000000 11111000000.000000000000
-128 -128 11110000000.000000000000 11110000000.000000000000
-256 -256 11100000000.000000000000 11100000000.000000000000
-512 -512 11000000000.000000000000 11000000000.000000000000
-1024 -1024 10000000000.000000000000 10000000000.000000000000
-0.000244140625 -0.000244140625 11111111111.111111111111 1.11111111111100000000000000000000000
-0.00048828125 -0.00048828125 11111111111.111111111110 1.1111111111100000000000000000000000
-0.0009765625 -0.0009765625 11111111111.111111111100 1.111111111100000000000000000000000
-0.001953125 -0.001953125 11111111111.111111111000 1.11111111100000000000000000000000
-0.00390625 -0.00390625 11111111111.111111110000 1.1111111100000000000000000000000
-0.0078125 -0.0078125 11111111111.111111100000 1.111111100000000000000000000000
-0.015625 -0.015625 11111111111.111111000000 1.11111100000000000000000000000
-0.03125 -0.03125 11111111111.111110000000 1.1111100000000000000000000000
-0.0625 -0.0625 11111111111.111100000000 1.111100000000000000000000000
-0.125 -0.125 11111111111.111000000000 1.11100000000000000000000000
-0.25 -0.25 11111111111.110000000000 1.1100000000000000000000000
-0.5 -0.5 11111111111.100000000000 1.100000000000000000000000
-1 -1 11111111111.000000000000 11.00000000000000000000000
-2 -2 11111111110.000000000000 110.0000000000000000000000
-4 -4 11111111100.000000000000 1100.000000000000000000000
-8 -8 11111111000.000000000000 11000.00000000000000000000
-16 -16 11111110000.000000000000 110000.0000000000000000000
-32 -32 11111100000.000000000000 1100000.000000000000000000
-64 -64 11111000000.000000000000 11000000.00000000000000000
-128 -128 11110000000.000000000000 110000000.0000000000000000
-256 -256 11100000000.000000000000 1100000000.000000000000000
-512 -512 11000000000.000000000000 11000000000.00000000000000
-1024 -1024 10000000000.000000000000 110000000000.0000000000000
-0.000244140625 -0.000244140625 11111111111.111111111111 1.1111111111110000000000000000000000000000000000000000000000000000
-0.00048828125 -0.00048828125 11111111111.111111111110 1.111111111110000000000000000000000000000000000000000000000000000
-0.0009765625 -0.0009765625 11111111111.111111111100 1.11111111110000000000000000000000000000000000000000000000000000
-0.001953125 -0.001953125 11111111111.111111111000 1.1111111110000000000000000000000000000000000000000000000000000
-0.00390625 -0.00390625 11111111111.111111110000 1.111111110000000000000000000000000000000000000000000000000000
-0.0078125 -0.0078125 11111111111.111111100000 1.11111110000000000000000000000000000000000000000000000000000
-0.015625 -0.015625 11111111111.111111000000 1.1111110000000000000000000000000000000000000000000000000000
-0.03125 -0.03125 11111111111.111110000000 1.111110000000000000000000000000000000000000000000000000000
-0.0625 -0.0625 11111111111.111100000000 1.11110000000000000000000000000000000000000000000000000000
-0.125 -0.125 11111111111.111000000000 1.1110000000000000000000000000000000000000000000000000000
-0.25 -0.25 11111111111.110000000000 1.110000000000000000000000000000000000000000000000000000
-0.5 -0.5 11111111111.100000000000 1.10000000000000000000000000000000000000000000000000000
-1 -1 11111111111.000000000000 11.0000000000000000000000000000000000000000000000000000
-2 -2 11111111110.000000000000 110.000000000000000000000000000000000000000000000000000
-4 -4 11111111100.000000000000 1100.00000000000000000000000000000000000000000000000000
-8 -8 11111111000.000000000000 11000.0000000000000000000000000000000000000000000000000
-16 -16 11111110000.000000000000 110000.000000000000000000000000000000000000000000000000
-32 -32 11111100000.000000000000 1100000.00000000000000000000000000000000000000000000000
-64 -64 11111000000.000000000000 11000000.0000000000000000000000000000000000000000000000
-128 -128 11110000000.000000000000 110000000.000000000000000000000000000000000000000000000
-256 -256 11100000000.000000000000 1100000000.00000000000000000000000000000000000000000000
-512 -512 11000000000.000000000000 11000000000.0000000000000000000000000000000000000000000
-1024 -1024 10000000000.000000000000 110000000000.000000000000000000000000000000000000000000
